159
3696
88
496
134
145
118
289
770
2275
310
245
1155
201
215
634
205
1203
160
236
133
921
391
48
163
130
330
119
725
156
205
1126
967
318
678
1125
116
34
581
90
173
932
390
502
576
247
1400
1523
977
581
925
473
1362
1009
273
620
607
154
218
1066
460
90
357
736
497
1743
2253
148
1086
2974
727
104
274
135
694
158
316
6383
840
1607
534
497
360
1126
62
254
568
144
104
596
608
759
313
869
1574
412
135
77
1167
403
420
147
3629
76
259
425
289
75
332
330
33
806
312
450
134
52
78
143
155
895
1421
261
711
116
1145
1103
368
398
519
1456
4680
1129
4132
325
62
418
2157
1638
200
362
1618
1017
702
205
440
104
565
188
1579
4270
706
526
513
552
560
62
1105
321
340
63
34
166
175
603
689
2774
618
191
186
136
639
265
263
272
1050
164
2740
679
809
76
198
105
329
416
258
801
1823
149
411
202
265
740
2017
157
971
546
1243
629
221
414
122
106
159
704
62
750
640
215
764
214
279
62
690
118
1716
104
509
267
157
258
964
1497
462
119
1167
331
1676
611
103
764
187
84
1927
78
471
503
278
62
204
611
399
160
199
1046
1631
1336
630
189
531
371
787
473
404
260
186
1766
1245
149
283
2163
184
358
4840
336
777
286
164
311
2207
876
117
63
889
683
344
203
437
509
702
282
172
607
1866
596
315
409
250
830
445
320
343
5258
700
521
116
721
162
38
478
176
691
280
821
717
905
183
533
696
998
695
817
588
386
100
482
492
430
216
223
95
1534
997
126
75
104
671
313
223
789
50
327
1062
159
601
567
1203
169
928
785
1208
868
249
202
250
399
681
189
484
243
400
274
49
247
130
443
1058
62
49
174
217
209
642
326
1840
1012
507
1609
557
486
160
473
210
672
602
117
575
740
248
288
586
621
420
560
1541
274
657
534
484
1052
306
907
539
1539
2501
105
703
66
97
160
2357
205
88
135
103
1717
316
163
780
368
160
1842
345
177
162
159
590
286
168
981
620
2118
960
465
1896
882
829
313
705
162
446
102
963
759
443
158
619
336
1659
496
305
333
336
326
1382
466
411
1174
347
162
214
318
96
478
522
799
117
272
168
538
373
180
914
160
465
496
323
174
117
309
307
236
287
957
1084
2254
754
1743
1005
930
76
156
296
178
304
2282
1408
1127
467
704
300
248
1205
415
105
466
215
201
856
247
177
336
1620
910
355
131
1708
122
396
523
277
874
253
332
118
247
260
1938
131
76
300
250
36
350
135
259
936
1256
233
89
204
222
241
444
106
174
456
1302
674
1396
248
251
276
77
317
594
1387
478
49
472
433
307
515
104
378
449
242
1601
530
398
2824
75
199
37
957
1058
295
225
747
2295
191
1180
495
1143
394
287
1388
376
182
206
185
245
912
92
135
228
179
199
395
589
1170
257
306
2054
243
75
247
89
50
347
547
62
362
179
555
346
503
167
177
760
698
102
310
203
416
956
149
61
186
285
145
856
369
535
135
142
232
275
7098
2771
103
2613
554
466
1195
419
676
105
498
273
1241
91
484
1103
184
240
1439
684
1010
103
770
1977
254
355
308
636
1565
1696
485
5473
315
50
2311
50
66
176
607
481
1852
94
134
560
244
35
419
246
532
1518
984
303
537
388
221
252
595
796
86
698
650
216
427
185
374
2812
765
1075
576
189
537
1245
760
842
992
167
91
231
1198
49
117
79
118
594
146
1193
717
174
149
324
172
355
568
202
436
750
719
986
2113
639
2037
36
1329
339
247
545
290
829
2553
460
202
270
178
484
671
355
252
135
639
34
252
361
544
600
76
154
190
386
188
2290
2185
178
624
389
287
123
469
677
598
121
603
228
91
1674
174
88
77
389
713
206
346
265
2138
91
205
243
364
186
236
1276
1050
368
471
204
413
1248
1358
346
921
146
201
190
93
297
136
3245
484
1185
251
706
74
474
102
76
348
90
410
411
2898
71
241
272
2583
249
232
214
101
905
606
499
641
3126
550
987
296
148
299
482
426
341
555
520
272
1561
929
229
66
469
76
3175
184
381
697
313
709
900
520
133
251
740
58
314
161
149
273
1229
746
242
1379
255
528
926
1064
469
77
569
885
798
960
755
238
147
1027
214
723
133
689
76
480
781
274
533
242
496
1249
397
272
256
231
292
239
164
756
2487
1288
476
500
119
479
1414
233
163
51
2628
259
38
249
190
402
268
393
260
403
275
1042
522
105
1155
1369
1260
107
261
134
2096
105
473
995
228
352
2028
301
1252
34
1121
246
122
76
1880
1314
171
287
2255
161
1163
634
613
277
650
3254
1671
563
303
249
728
670
594
418
145
195
2013
275
192
981
954
2215
1558
391
160
1598
290
559
148
289
1012
275
273
478
2590
753
772
163
117
287
537
273
301
566
735
2704
626
1901
160
33
62
132
371
553
606
262
851
73
334
172
763
268
683
1125
936
160
565
174
1698
314
426
200
122
1354
546
359
236
359
334
1780
362
541
162
291
702
239
144
2343
385
201
355
92
595
429
117
78
894
1082
169
739
703
694
694
1000
212
3588
1465
112
169
822
78
654
119
137
274
878
692
300
373
330
229
1672
991
121
406
324
603
791
157
535
271
387
160
192
339
404
619
473
363
20
588
413
294
1006
129
173
192
62
320
95
2361
380
62
1252
230
500
131
147
768
103
85
64
356
345
705
193
523
666
631
327
292
405
737
862
836
317
341
286
153
984
130
116
395
257
517
908
637
621
116
1682
532
107
1689
193
386
339
292
189
130
2585
62
59
962
106
484
857
3521
174
516
159
207
1136
850
1311
3242
786
146
202
244
309
2236
493
213
118
716
475
745
33
303
489
76
359
75
164
489
229
63
435
105
121
900
464
348
351
728
466
533
1245
717
2656
364
913
3279
200
572
532
470
49
274
119
306
928
611
388
79
474
1766
329
1190
186
131
272
1564
373
1104
378
3502
1307
559
172
116
215
203
75
912
1582
129
246
63
358
2018
159
63
372
608
911
1819
790
332
230
1088
3487
281
763
1795
160
174
303
1378
1705
146
55
219
301
1036
1117
134
327
296
2825
818
744
758
178
609
336
1171
220
432
862
539
961
309
1144
2364
149
101
552
191
415
511
661
527
2619
287
334
1272
132
94
370
1050
3941
134
240
226
76
895
301
416
460
1219
289
1024
48
337
210
162
285
62
335
828
1026
258
152
330
224
805
64
857
611
550
4844
1133
165
575
2851
288
541
2073
1241
3572
442
48
735
231
102
257
359
1491
630
133
148
508
188
133
193
583
1074
146
1320
184
902
77
551
232
49
452
629
1063
336
1296
437
729
1597
405
177
160
607
853
485
127
538
80
449
304
1147
648
287
200
293
1644
313
830
257
229
581
593
176
361
3657
565
361
227
586
1822
356
132
117
1418
576
247
1226
413
105
332
252
670
440
262
1030
1963
2208
2125
1229
766
1827
445
104
194
187
160
89
161
887
1027
256
327
315
227
1939
459
525
712
993
547
327
149
320
922
283
1031
820
627
160
2438
1520
894
107
158
766
146
413
1639
2411
342
215
446
658
377
323
192
1766
713
120
578
88
501
1773
393
923
288
505
64
77
288
400
64
524
63
1676
642
534
339
698
90
588
1399
632
177
1152
76
288
722
77
593
1048
164
2292
326
92
540
534
321
2675
200
416
1030
769
327
578
89
287
288
611
860
583
135
130
148
1357
135
92
153
118
426
219
1133
465
525
186
473
859
48
238
146
502
1109
223
195
991
392
1435
957
216
323
1406
1028
131
294
388
202
164
935
689
2097
398
1163
122
385
568
514
119
558
91
1968
48
515
214
157
1549
266
562
2400
404
413
182
796
132
488
158
572
232
1933
346
116
250
330
676
653
217
251
501
1617
188
1684
2227
3379
371
245
571
326
132
666
91
158
160
248
187
399
124
532
184
352
277
526
199
1070
118
963
1046
345
48
3726
736
122
267
2296
288
3825
467
400
1970
1310
803
954
1046
1812
131
378
202
1470
293
1313
944
270
1280
119
162
91
410
78
91
1011
49
547
396
123
778
353
383
265
118
1294
410
176
261
145
82
202
863
3596
428
384
125
385
990
234
142
469
904
1084
338
311
342
1060
656
305
190
132
347
362
617
158
161
929
734
75
76
420
118
181
130
146
1278
1659
1140
372
117
980
1316
75
63
160
413
188
301
247
298
275
143
461
277
1606
176
466
314
253
1087
1092
812
117
908
608
627
726
634
235
165
627
309
253
76
65
186
174
468
493
204
67
422
250
303
135
462
2589
339
193
442
198
90
178
882
527
35
458
349
4100
428
301
1274
713
970
413
1600
154
455
274
106
186
175
373
230
1726
453
580
2263
1214
1583
718
483
254
566
373
75
524
1723
275
567
338
1276
439
355
595
261
639
2125
331
707
1080
466
666
215
377
890
117
248
131
329
1228
881
644
865
253
300
327
616
664
567
131
554
1232
63
260
1035
500
2627
688
473
164
925
261
83
136
859
336
580
1417
443
515
626
730
730
277
543
994
109
63
681
481
1646
2240
550
708
214
79
132
364
399
88
513
402
725
237
2739
704
164
579
343
433
108
103
34
124
464
132
163
490
519
283
1403
75
473
1981
549
506
465
877
110
119
586
91
896
1115
111
77
120
191
582
90
506
780
485
378
1776
414
1737
200
334
372
567
970
189
107
474
999
88
174
492
90
118
3080
203
120
151
91
242
608
204
266
185
674
542
874
118
608
218
482
147
362
879
480
354
681
270
166
812
4308
262
3969
1098
296
286
463
331
328
229
652
499
729
2076
252
1072
3147
147
901
406
88
1764
232
229
327
403
220
288
173
452
521
346
548
172
419
410
162
444
175
348
1611
143
405
260
335
971
247
507
505
89
3560
2656
288
1929
148
379
268
351
855
398
244
3522
418
258
1183
239
200
578
96
509
162
348
362
103
379
958
1223
104
422
142
477
102
159
491
183
863
486
2171
76
266
517
313
466
770
1190
438
93
264
1510
318
865
388
614
658
621
775
374
215
487
134
191
644
78
307
134
178
275
333
320
444
795
921
191
283
89
191
121
815
146
497
316
579
321
286
162
1036
2788
779
1333
934
929
294
442
286
1165
76
110
215
1503
1013
148
449
193
802
714
449
119
371
339
559
330
257
76
186
66
333
130
276
96
175
826
2085
849
62
733
69
639
459
1035
422
1186
117
598
679
766
236
2995
294
123
142
133
396
178
53
412
161
2895
568
744
1376
2733
1213
63
1068
936
356
643
600
1760
255
170
104
649
264
747
258
288
973
111
525
712
498
408
1186
370
1309
1296
305
287
1241
112
295
635
92
472
34
419
77
1077
838
677
2318
697
573
1322
861
637
402
171
401
192
199
557
89
862
116
363
389
1474
718
974
2804
143
941
333
593
448
187
47
2289
1579
164
2514
489
929
2424
115
790
374
479
329
623
507
35
386
832
145
1181
343
589
462
284
196
960
474
532
128
1041
118
390
62
161
1146
166
109
236
327
1704
187
35
274
758
74
820
150
75
258
437
102
120
357
391
650
447
91
77
519
712
635
148
302
956
1002
991
65
244
392
338
116
164
1028
1524
213
318
579
691
730
159
333
1390
133
135
432
162
231
254
1531
189
190
201
379
214
122
638
1720
175
452
218
1012
363
225
287
62
286
526
1140
127
185
583
358
92
684
132
901
566
130
1546
228
214
1031
2908
1029
765
349
210
1031
89
451
3080
1311
361
149
221
565
91
168
510
64
595
181
204
289
468
349
1427
76
895
511
1873
375
148
598
420
976
62
64
289
1688
1564
398
104
607
640
326
219
189
511
767
119
460
586
2297
61
1454
338
158
2059
65
344
457
75
3135
218
751
793
1189
177
881
164
848
332
792
479
162
648
293
1169
131
944
656
339
73
369
613
91
293
59
862
443
308
118
375
460
216
1931
300
398
272
1294
132
492
348
177
134
2681
133
275
2301
1007
1885
5544
372
353
1140
541
959
275
173
241
163
177
940
739
508
3102
1613
167
49
304
369
36
860
121
830
439
161
209
3179
87
968
92
3039
946
1106
182
89
175
91
121
691
782
845
248
91
226
372
219
118
429
427
864
358
575
3972
785
48
478
427
203
863
753
391
380
137
1966
526
2673
45
1135
594
1141
441
430
217
1388
708
751
351
490
20
341
1226
443
1491
2744
508
315
76
540
401
693
149
145
949
516
184
204
625
1528
735
1743
370
169
2744
715
2400
1419
1012
1207
450
352
873
539
539
908
887
366
614
840
519
315
78
683
1264
1266
340
632
536
268
443
464
214
677
2359
326
129
160
76
697
1302
644
3170
415
2012
418
212
3037
1441
1267
813
362
157
381
682
510
268
371
893
410
1277
2228
1320
855
633
933
504
122
92
504
222
668
119
93
105
291
75
373
485
353
186
105
105
509
156
577
314
60
213
91
346
961
650
179
75
333
60
80
2084
3831
315
429
456
1129
150
145
1377
304
136
163
154
324
660
638
909
875
159
165
134
21
251
837
336
1747
453
3133
162
132
102
192
614
661
1004
137
614
551
52
525
898
1157
813
788
529
536
102
995
317
820
160
279
241
405
379
274
287
177
328
497
377
576
314
515
633
430
774
107
345
205
222
203
190
275
386
335
438
274
3732
828
823
1470
946
557
1425
870
214
892
202
90
487
526
834
1598
217
529
3186
201
134
316
236
148
523
248
528
1328
1152
358
216
1056
1237
1988
823
429
298
178
384
452
136
471
107
292
832
1154
312
347
243
235
91
1226
158
330
378
355
433
4206
3816
497
76
677
204
519
1054
360
270
332
189
260
90
241
2050
549
975
103
162
216
596
336
502
95
259
452
1771
118
301
515
244
479
319
2080
209
494
360
348
36
104
397
99
713
291
2132
430
1081
47
281
425
215
401
185
407
516
821
249
362
771
162
1030
47
89
105
471
720
290
312
171
496
1349
1740
416
2320
252
238
123
161
1016
168
673
199
409
589
1647
240
361
126
214
435
284
761
472
1657
242
1565
132
432
185
941
604
185
107
208
839
1337
894
264
354
914
872
503
764
174
411
272
204
736
90
452
1127
116
384
75
822
231
350
46
274
319
90
254
118
2382
102
1704
251
1112
330
238
612
359
145
918
230
838
295
583
520
105
888
346
469
443
449
163
821
1374
389
140
500
62
739
386
998
171
290
186
395
600
218
162
386
227
482
780
49
288
670
186
347
122
181
638
275
405
106
1775
267
1370
191
565
1676
90
425
93
147
131
90
717
1963
1609
212
147
184
1032
969
973
337
169
145
262
331
1237
372
427
264
76
2880
178
176
737
73
189
334
132
651
50
270
90
286
836
1141
857
1267
217
171
1159
276
109
191
91
189
663
347
243
257
75
546
146
485
145
257
285
2219
1217
342
275
839
633
673
479
726
1425
316
441
297
60
572
149
188
1179
456
201
135
289
172
233
1042
711
104
285
567
254
334
2194
1242
163
399
92
231
357
160
77
719
1229
1191
661
4036
149
1224
135
164
181
93
105
894
339
545
674
397
400
278
400
423
1111
463
213
90
248
300
74
161
104
629
120
786
160
675
742
1495
1093
851
2121
921
831
168
444
431
2464
205
175
967
810
124
1703
599
76
88
48
212
1582
294
264
260
89
714
62
4830
108
1123
779
765
90
457
1880
101
73
161
769
361
162
378
119
263
470
117
129
718
62
248
206
476
107
245
90
630
423
131
446
1204
250
590
1571
224
300
118
163
1246
1386
204
344
538
546
437
104
104
2327
824
218
176
785
601
133
185
500
110
134
866
338
339
88
134
146
1001
344
145
611
638
1549
1056
103
172
719
539
233
1070
434
91
1120
139
76
301
145
133
1570
394
204
450
109
279
306
865
1910
862
399
3530
347
417
354
2037
820
375
1539
61
953
1464
731
707
260
304
219
844
692
178
247
249
89
2480
331
235
316
760
244
116
681
594
2272
488
308
147
