29
21
13
47
2
29
10
8
8
35
13
9
13
14
44
31
29
11
27
20
10
14
6
6
11
12
11
4
44
52
8
22
12
11
57
22
21
36
29
16
6
18
26
49
12
16
2
19
16
30
17
9
27
10
22
11
7
2
4
27
37
7
32
20
25
14
19
23
20
13
9
25
48
11
5
27
31
32
47
6
29
16
13
12
12
13
15
18
10
9
12
21
17
23
14
40
74
26
17
14
3
12
40
22
18
27
12
22
13
16
18
25
32
22
7
31
33
22
11
16
13
1
41
3
19
22
15
67
25
56
20
5
8
18
13
46
17
55
7
16
26
15
14
77
29
21
42
19
21
13
28
6
40
13
17
17
21
33
22
14
17
19
11
42
38
23
39
81
9
36
18
35
19
48
24
27
17
44
22
18
17
31
19
20
37
23
26
25
24
7
32
44
18
15
33
40
28
6
18
7
33
8
35
10
20
13
30
16
31
12
18
20
32
12
33
18
5
10
11
12
6
9
18
10
26
35
14
25
25
14
11
21
13
32
24
39
21
38
26
19
32
7
17
10
19
13
18
15
19
9
35
22
20
34
32
20
24
3
34
23
29
19
11
28
48
5
18
17
12
20
15
36
33
18
23
25
6
76
22
12
52
19
8
35
30
13
9
13
24
36
9
13
43
11
28
6
5
7
2
32
30
10
9
13
18
22
7
30
16
24
26
15
9
33
14
9
15
44
16
18
9
13
39
9
2
14
23
14
14
36
9
18
28
27
30
25
10
15
25
46
19
12
21
8
56
40
42
20
15
33
9
8
8
16
17
54
11
20
8
15
10
6
14
31
39
17
40
43
7
23
11
10
13
23
36
17
42
5
32
18
12
13
20
20
51
35
24
27
13
40
36
17
25
16
21
13
4
18
30
5
5
19
30
34
11
8
17
17
14
29
6
25
10
34
21
17
24
19
25
8
12
15
14
8
11
33
33
20
21
4
9
15
21
9
25
12
19
23
5
34
17
13
8
33
33
14
43
20
21
12
47
45
25
12
13
11
13
19
57
8
31
15
8
30
11
27
13
24
33
6
19
17
10
25
2
19
41
34
30
15
14
27
21
17
14
4
15
37
32
25
46
17
18
10
19
41
14
13
22
14
53
26
6
45
21
5
39
31
7
8
38
10
14
9
25
21
13
10
4
14
19
32
9
33
10
24
21
17
18
24
8
41
14
12
29
13
25
25
13
25
36
4
7
5
18
5
28
49
8
12
10
21
57
21
3
16
21
21
51
3
15
13
14
30
24
13
61
8
53
18
53
27
16
29
10
10
28
23
14
31
32
9
10
31
19
25
15
7
32
9
14
14
14
6
14
33
13
57
15
25
90
44
22
22
12
26
15
16
21
20
21
29
22
1
40
59
10
21
26
13
24
33
5
23
22
22
25
3
20
13
33
21
8
20
1
16
27
15
16
12
21
80
44
10
15
3
6
8
10
29
82
39
38
24
30
6
18
43
22
19
11
15
32
18
15
9
29
39
11
20
9
10
50
34
11
38
22
27
16
27
25
43
9
16
12
90
7
23
2
47
7
20
3
20
52
13
16
13
15
12
20
8
28
26
36
9
40
42
15
23
17
3
25
7
30
19
30
27
22
4
11
54
16
18
16
24
13
34
16
14
6
16
5
5
15
36
9
13
29
4
8
9
7
25
12
3
19
11
26
22
6
9
25
17
17
18
18
22
19
13
17
8
40
29
49
12
30
32
23
40
21
24
15
35
14
18
19
48
33
41
26
32
41
15
24
41
16
24
22
50
81
21
23
7
21
20
63
22
11
13
33
42
24
15
16
23
48
9
35
22
4
5
41
27
20
13
23
3
13
3
37
9
2
52
19
14
9
9
2
23
5
17
19
19
14
15
19
10
7
17
9
9
10
10
17
38
13
26
21
18
29
15
40
21
15
10
11
14
4
19
15
28
3
21
27
53
35
37
33
17
11
4
40
18
14
32
16
26
3
11
21
14
12
19
14
14
2
15
20
15
25
12
48
26
15
15
30
16
22
16
35
17
17
25
27
16
6
21
43
17
20
24
11
10
45
20
7
79
4
8
27
15
3
11
23
45
15
16
17
15
10
21
11
18
42
28
12
22
29
18
19
10
41
28
8
10
9
7
2
8
12
13
28
37
35
16
40
3
7
16
62
21
17
32
16
50
18
13
38
8
7
46
15
15
6
12
20
23
13
25
19
27
58
20
16
5
10
20
20
33
13
52
27
9
9
8
8
6
31
22
6
5
11
22
17
18
42
2
36
21
18
17
9
18
17
2
8
9
17
21
32
15
21
9
23
28
49
41
5
15
