denoising autoencoder, full feedback
epochs = 100
hiddens = 1000
learning_rate = 0.100000
corruption = 0.050000
epoch, cost, error_rate, time
(0, 63.09919803246941, 0.0792, 58.957945108413696)
(1, 58.405571723545002, 0.0737, 117.94353604316711)
(2, 57.670275074440035, 0.0673, 176.92761206626892)
(3, 57.173913545676051, 0.0621, 236.0113501548767)
(4, 56.764452303762603, 0.0555, 294.9944190979004)
(5, 56.417479841338945, 0.0552, 353.8350989818573)
(6, 56.112782383048526, 0.0523, 412.94499015808105)
(7, 55.863719516779426, 0.0517, 471.8599970340729)
(8, 55.658153583464923, 0.0474, 530.3333210945129)
(9, 55.453683154855355, 0.0473, 588.9547779560089)
(10, 55.308869814153773, 0.0485, 647.7067930698395)
(11, 55.144787823847551, 0.0443, 706.3551061153412)
(12, 55.035721229684128, 0.0446, 764.7633321285248)
(13, 54.916307160911522, 0.0448, 823.496768951416)
(14, 54.822567119619031, 0.0438, 882.0436379909515)
(15, 54.751257159587318, 0.0433, 940.6014950275421)
(16, 54.648393318759638, 0.0418, 999.1429240703583)
(17, 54.587455864079018, 0.042, 1057.693316936493)
(18, 54.510260155998708, 0.0405, 1116.231013059616)
(19, 54.46593907801104, 0.04, 1174.786297082901)
(20, 54.402850048358864, 0.0408, 1233.5768530368805)
(21, 54.345894558461872, 0.0397, 1292.208181142807)
(22, 54.295856770393719, 0.0389, 1350.894457101822)
(23, 54.236320519148244, 0.0399, 1409.4856350421906)
(24, 54.221270453721459, 0.0375, 1468.074229001999)
(25, 54.16582339799745, 0.0392, 1526.5953769683838)
(26, 54.143641966321503, 0.0373, 1584.9782710075378)
(27, 54.090867321345826, 0.0385, 1643.4658589363098)
(28, 54.050347744057447, 0.0354, 1702.2183830738068)
(29, 54.021859844313795, 0.0386, 1760.9046020507812)
(30, 53.997330675376531, 0.0356, 1819.3749959468842)
(31, 53.979556793269666, 0.0358, 1877.9934639930725)
(32, 53.938278427579036, 0.0353, 1936.7157599925995)
(33, 53.915138557906296, 0.0356, 1995.3687551021576)
(34, 53.886638462637109, 0.0335, 2053.998615026474)
(35, 53.866482358756464, 0.0326, 2112.5826539993286)
(36, 53.845063744045611, 0.0343, 2171.160959005356)
(37, 53.806693107957827, 0.0341, 2229.71311712265)
(38, 53.793566087521249, 0.0337, 2288.330044031143)
(39, 53.769021931098401, 0.0343, 2346.861067056656)
(40, 53.746606662221765, 0.0346, 2405.4047470092773)
(41, 53.742252590041652, 0.0326, 2463.9227859973907)
(42, 53.71513701720864, 0.0338, 2522.4957740306854)
(43, 53.694500567338544, 0.0333, 2581.1250059604645)
(44, 53.686919678010419, 0.0332, 2639.5318291187286)
(45, 53.651653554835057, 0.0334, 2698.1846899986267)
(46, 53.645650229736695, 0.0326, 2756.8883690834045)
(47, 53.636999137629175, 0.0324, 2815.5128059387207)
(48, 53.608075721124422, 0.032, 2874.119113922119)
(49, 53.594328089411327, 0.031, 2932.871621131897)
(50, 53.598082362953377, 0.0324, 2991.414013147354)
(51, 53.570250546718015, 0.0315, 3050.1088099479675)
(52, 53.562219524083822, 0.031, 3108.704455137253)
(53, 53.546323350156136, 0.0325, 3167.3803341388702)
(54, 53.530939806243751, 0.0296, 3226.0276050567627)
(55, 53.503617425532177, 0.0314, 3284.7554700374603)
(56, 53.507139034920499, 0.0314, 3343.433449983597)
(57, 53.505139424189672, 0.0317, 3402.078877925873)
(58, 53.478742019961928, 0.0301, 3460.670840024948)
(59, 53.468785332757314, 0.0301, 3519.2815771102905)
(60, 53.446600158724308, 0.0299, 3577.9847350120544)
(61, 53.434257216084141, 0.0291, 3636.4337260723114)
(62, 53.42687537927565, 0.0291, 3695.0705461502075)
(63, 53.421349188377008, 0.0294, 3753.582818031311)
(64, 53.411038063020015, 0.0298, 3812.0433299541473)
(65, 53.387137388163431, 0.0297, 3870.8853311538696)
(66, 53.380451702080087, 0.0295, 3929.3858840465546)
(67, 53.382887156072634, 0.0289, 3987.9542319774628)
(68, 53.371138592479667, 0.0284, 4046.574772119522)
(69, 53.362747270134001, 0.0293, 4105.076807022095)
(70, 53.360111320278726, 0.0289, 4163.730416059494)
(71, 53.342686678803759, 0.0289, 4222.3632271289825)
(72, 53.32538214457729, 0.0293, 4280.843575954437)
(73, 53.332251805478521, 0.0294, 4339.562132120132)
(74, 53.326491711795903, 0.0287, 4398.278120040894)
(75, 53.318171886770543, 0.0286, 4456.732597112656)
(76, 53.301101372018387, 0.0285, 4515.289782047272)
(77, 53.295726362275929, 0.029, 4574.126960992813)
(78, 53.286826134872889, 0.0262, 4632.701671123505)
(79, 53.267455044491598, 0.0279, 4691.043103933334)
(80, 53.273958694190448, 0.0306, 4749.616724014282)
(81, 53.262396738037609, 0.0281, 4808.120595932007)
(82, 53.245274385433007, 0.0289, 4866.638330936432)
(83, 53.245418751777287, 0.0277, 4925.2704310417175)
(84, 53.237261573018017, 0.0275, 4983.674152135849)
(85, 53.243416167359193, 0.0278, 5042.300758123398)
(86, 53.23034214467971, 0.027, 5100.862780094147)
(87, 53.216789872666602, 0.026, 5159.375039100647)
(88, 53.214227276831132, 0.0263, 5217.917681932449)
(89, 53.199972130148673, 0.0262, 5276.564362049103)
(90, 53.19790672090199, 0.0272, 5335.097675085068)
(91, 53.192162586395362, 0.0275, 5393.5912709236145)
(92, 53.170499813623607, 0.0274, 5452.258069992065)
(93, 53.178314139152214, 0.0271, 5510.939140081406)
(94, 53.161305411657423, 0.027, 5569.279552936554)
(95, 53.167863634801506, 0.0266, 5627.855298042297)
(96, 53.15652225624202, 0.027, 5686.363481044769)
(97, 53.140791818405212, 0.0266, 5745.035541057587)
(98, 53.141180797608008, 0.0275, 5803.3570301532745)
(99, 53.141261925654931, 0.0259, 5861.916994094849)
done.
