denoising autoencoder, full feedback
epochs = 100
hiddens = 1000
learning_rate = 0.100000
corruption = 0.250000
epoch, cost, error_rate, time
(0, 77.091486361137697, 0.0791, 60.093549966812134)
(1, 69.900301999739895, 0.0678, 120.25096988677979)
(2, 67.767830272498685, 0.0584, 180.2900688648224)
(3, 66.398693945389269, 0.0589, 240.53564286231995)
(4, 65.496718439357153, 0.0541, 301.07922983169556)
(5, 64.869305934441357, 0.051, 361.38099479675293)
(6, 64.390503058262937, 0.052, 421.75819277763367)
(7, 64.037607054971346, 0.0466, 481.97655296325684)
(8, 63.755472281467632, 0.0447, 542.2731468677521)
(9, 63.482271859393386, 0.0439, 602.5797119140625)
(10, 63.27752217575695, 0.0399, 662.3152878284454)
(11, 63.117046704949018, 0.0437, 722.1913349628448)
(12, 62.943160060527653, 0.0414, 781.961051940918)
(13, 62.836272381350213, 0.0386, 841.6158378124237)
(14, 62.712485931733056, 0.0383, 901.2213628292084)
(15, 62.563754975043494, 0.0362, 960.820916891098)
(16, 62.473117651610259, 0.0365, 1020.4767317771912)
(17, 62.429169063586926, 0.0365, 1080.299439907074)
(18, 62.332916774688314, 0.0357, 1140.3708188533783)
(19, 62.263136737106507, 0.0352, 1200.8598399162292)
(20, 62.20864196874431, 0.0351, 1261.0361258983612)
(21, 62.146713678672214, 0.0353, 1321.3981549739838)
(22, 62.102978606873855, 0.0332, 1381.5498728752136)
(23, 62.057959151201111, 0.0327, 1442.0507907867432)
(24, 61.950444719258265, 0.0309, 1502.4930348396301)
(25, 61.947713310913088, 0.033, 1562.8509378433228)
(26, 61.861914973364257, 0.0336, 1623.1120820045471)
(27, 61.829915247904218, 0.031, 1683.471646785736)
(28, 61.759622940744599, 0.0341, 1743.8136899471283)
(29, 61.758960652068573, 0.0328, 1803.87415599823)
(30, 61.735207907390979, 0.0313, 1863.6183388233185)
(31, 61.713981506899607, 0.0292, 1923.2431559562683)
(32, 61.660165581521682, 0.0314, 1982.9990818500519)
(33, 61.630774958273946, 0.0302, 2042.6519088745117)
(34, 61.578257634105093, 0.0329, 2102.236177921295)
(35, 61.590632704932602, 0.0293, 2161.8449127674103)
(36, 61.545751038511646, 0.0298, 2221.5838029384613)
(37, 61.484406575556612, 0.0303, 2281.360536813736)
(38, 61.50580652711858, 0.0299, 2341.0073568820953)
(39, 61.477749421284791, 0.028, 2400.702568769455)
(40, 61.432620808831345, 0.0297, 2460.4476549625397)
(41, 61.424847256365524, 0.0284, 2520.0115809440613)
(42, 61.402654429568372, 0.0294, 2579.6487679481506)
(43, 61.378960394459867, 0.0282, 2639.2401299476624)
(44, 61.367488555592267, 0.0283, 2698.9872109889984)
(45, 61.352058741855004, 0.0269, 2758.64129781723)
(46, 61.348010853754531, 0.0283, 2818.407343864441)
(47, 61.313318873826987, 0.0297, 2878.203341960907)
(48, 61.2822267104576, 0.0301, 2937.9551339149475)
(49, 61.275381356887323, 0.0299, 2997.5734329223633)
(50, 61.274103139281344, 0.0263, 3057.1401658058167)
(51, 61.234826875592823, 0.0264, 3116.8966047763824)
(52, 61.23576246062234, 0.0287, 3176.479323863983)
(53, 61.22505232002004, 0.0293, 3236.165272951126)
(54, 61.188710045358143, 0.0305, 3295.88737988472)
(55, 61.159621002456078, 0.0279, 3355.7125380039215)
(56, 61.187709869640074, 0.0279, 3415.2089698314667)
(57, 61.168651937020535, 0.0287, 3474.9309089183807)
(58, 61.144892611644067, 0.0273, 3534.757873773575)
(59, 61.117309157957102, 0.0276, 3594.3829119205475)
(60, 61.111733479587336, 0.0268, 3654.2861778736115)
(61, 61.100986826647237, 0.028, 3713.8720169067383)
(62, 61.109496656651118, 0.0265, 3773.70543885231)
(63, 61.108614768839026, 0.0283, 3833.438981771469)
(64, 61.07159045245043, 0.0271, 3893.2720007896423)
(65, 61.055829881043593, 0.0275, 3952.9282019138336)
(66, 61.064446165025522, 0.0283, 4012.6898629665375)
(67, 61.056990526794657, 0.0264, 4072.3391768932343)
(68, 61.022248555081433, 0.0274, 4131.992612838745)
(69, 61.017066696615714, 0.0289, 4191.774954795837)
(70, 61.021768246361425, 0.0276, 4251.481312990189)
(71, 60.994565074716185, 0.0289, 4311.23277592659)
(72, 60.995041076086146, 0.0274, 4370.984267950058)
(73, 60.989732558729898, 0.0275, 4430.6972219944)
(74, 60.954936436021221, 0.0271, 4490.369285821915)
(75, 60.929228164813864, 0.0267, 4550.139741897583)
(76, 60.948961727825299, 0.0265, 4609.861568927765)
(77, 60.966131318954773, 0.0273, 4669.498350858688)
(78, 60.923771519729719, 0.0253, 4729.110885858536)
(79, 60.914010869510143, 0.0276, 4788.924999952316)
(80, 60.897631812406914, 0.0264, 4848.656194925308)
(81, 60.928982091882659, 0.0273, 4908.347151994705)
(82, 60.899962937480197, 0.0281, 4967.915209770203)
(83, 60.874757421575943, 0.0274, 5027.575033903122)
(84, 60.889757445470138, 0.0262, 5087.0316507816315)
(85, 60.883818744846025, 0.0266, 5146.760572910309)
(86, 60.856299615784337, 0.0266, 5206.584930896759)
(87, 60.869231295963132, 0.0256, 5266.589607000351)
(88, 60.832352428533355, 0.0263, 5326.067294836044)
(89, 60.817137821094811, 0.0259, 5385.878820896149)
(90, 60.829243380911137, 0.0284, 5445.560371875763)
(91, 60.823909432233251, 0.028, 5505.2450749874115)
(92, 60.836364152340757, 0.0275, 5564.935438871384)
(93, 60.813740643550375, 0.0267, 5624.380466938019)
(94, 60.777057496767888, 0.0262, 5683.957361936569)
(95, 60.809838089453429, 0.0255, 5743.54328584671)
(96, 60.791495383823381, 0.0259, 5803.19030380249)
(97, 60.7851167162462, 0.0261, 5862.851571798325)
(98, 60.784660341690014, 0.0245, 5922.313782930374)
(99, 60.773794167112442, 0.0254, 5981.718940973282)
done.
